147 144 144 144 144 139 138 137 137 134 134 131 124 128 123 112
147 148 148 142 141 126 120 119 116 115 115 123 126 132 133 125
149 152 148 143 142 127 126 123 122 121 117 117 129 139 138 130
151 153 151 145 145 130 131 130 133 129 128 126 136 145 141 128
155 154 152 149 144 133 133 138 137 135 135 132 142 146 140 131
158 158 155 150 147 135 139 137  58 133 135 136 138 137 125 124
154 155 153 149 145 140 139 121  80 124 139 135 135 132 127 123
149 150 148 142 137  65  69  93  77 136 138 137 134 129 127 123
152 150 146 137 129  51  31  91 128 138 135 134 134 129 127 122
151 145 141 138 127  51  50 126 132 133 137 135 129 128 125 122
150 147 138 128 122  57  44 127 132 131 133 130 130 125 124 121
149 140 125 123 122  54  50 122 124 126 126 127 123 122 121 117
147 125 115 116 115 109 109 118 121 118 118 120 120 117 117 115
132 120 109 108 111 110 109 111 110 109  93 111 111 114 116 116
128 116 103 102 104 103 101 103 103 105 106 110 111 112 113 115
120 103  93  94  96  93  94  97  98 102 102 108 107 108 109 109
221 218 214 206 207 199 192 189 187 182 175 168 157 163 156 142
217 218 209 196 185 149 136 132 129 129 128 141 151 164 165 151
218 218 206 191 177 144 139 136 135 131 127 126 146 167 165 155
218 215 207 190 176 143 143 142 143 138 136 131 152 170 165 145
216 215 208 193 170 146 145 148 145 141 140 137 155 166 156 145
216 214 208 190 170 148 149 143  42 126 141 142 146 147 134 132
207 206 199 181 165 150 141 119  40 126 144 140 140 137 136 131
198 191 182 165 148   6  10  86 110 140 143 142 140 135 136 132
195 182 169 151 136   0   0 103 135 143 141 139 139 138 135 130
186 171 157 150 132   0   0 132 140 140 142 141 137 136 133 131
179 165 151 139 128   0   0 131 138 139 140 138 138 133 132 129
172 155 137 134 128   0   0 128 130 131 131 133 130 130 130 127
169 142 129 128 125 118 115 124 126 126 125 127 127 125 127 129
152 137 122 120 121 116 116 117 117 117 101 118 121 127 130 134
147 130 115 112 111 110 107 109 109 112 116 123 126 129 133 135
138 117 103 102 101  99 100 102 106 112 114 123 125 125 130 130
244 242 237 229 228 221 214 210 208 201 192 185 171 176 170 155
239 240 230 219 204 159 144 137 134 132 131 149 160 176 177 161
237 238 227 212 193 152 144 141 138 135 130 127 154 179 178 162
238 237 230 210 190 151 148 147 146 138 137 133 156 181 172 153
237 236 230 212 186 151 151 153 149 142 142 139 160 175 164 147
237 237 229 210 180 153 154 147  65 129 142 143 150 151 134 132
230 229 217 197 174 155 148 126  65 127 146 142 141 138 136 133
220 211 199 176 155  43  38  93  81 141 144 143 141 136 136 132
212 197 179 158 142  32  26 108 139 144 142 141 143 139 139 134
202 181 162 155 138  23  25 139 144 144 146 145 141 140 137 132
188 172 156 144 135  30  21 136 141 143 144 142 141 136 135 133
178 157 142 139 135  30  32 132 134 135 135 137 134 133 133 131
170 144 134 133 130 124 122 127 130 130 129 131 131 129 131 131
154 140 127 125 126 122 120 121 121 121 104 122 125 132 135 138
145 135 121 117 115 114 110 112 113 116 121 129 134 137 140 142
137 120 107 106 105 100 101 106 110 117 121 131 132 133 136 136

112 125 130 128 131 124 123 123 122 122 121 117 115 116 115 109
123 133 138 141 140 125 127 127 127 125 124 121 117 116 113 109
128 132 139 145 146 137 132 129 129 128 125 122 117 114 112 108
124 126 129 136 142 138 135 134 134 129 130 123 120 111 111 107
131 123 117 126 132 136 135 137 134 135 130 127 120 111 110 108
134 115 117 128 135 135 139 138 135 137 133 126 118  93 106 102
134 115 121 129 135 133 124 136 138 133 131 126 118 109 105 102
137 116 122 133 137  58  80  77 128 132 132 124 121 110 103  98
137 119 123 130 138 137 121  93  91 126 127 122 118 111 103  97
138 120 126 131 133 139 139  69  31  50  44  50 109 109 101  94
139 126 127 130 133 135 140  65  51  51  57  54 109 110 103  93
144 141 142 145 144 147 145 137 129 127 122 122 115 111 104  96
144 142 143 145 149 150 149 142 137 138 128 123 116 108 102  94
144 148 148 151 152 155 153 148 146 141 138 125 115 109 103  93
144 148 152 153 154 158 155 150 150 145 147 140 125 120 116 103
147 147 149 151 155 158 154 149 152 151 150 149 147 132 128 120
142 151 155 145 145 132 131 132 130 131 129 127 129 134 135 130
156 165 165 165 156 134 136 136 135 133 132 130 127 130 133 130
163 164 167 170 166 147 137 135 138 136 133 130 125 127 129 125
157 151 146 152 155 146 140 140 139 137 138 130 127 121 126 125
168 141 126 131 137 142 140 142 139 141 138 133 127 118 123 123
175 128 127 136 140 141 144 143 141 142 140 131 125 101 116 114
182 129 131 138 141 126 126 140 143 140 139 131 126 117 112 112
187 129 135 143 145  42  40 110 135 140 138 130 126 117 109 106
189 132 136 142 148 143 119  86 103 132 131 128 124 117 109 102
192 136 139 143 145 149 141  10   0   0   0   0 115 116 107 100
199 149 144 143 146 148 150   6   0   0   0   0 118 116 110  99
207 185 177 176 170 170 165 148 136 132 128 128 125 121 111 101
206 196 191 190 193 190 181 165 151 150 139 134 128 120 112 102
214 209 206 207 208 208 199 182 169 157 151 137 129 122 115 103
218 218 218 215 215 214 206 191 182 171 165 155 142 137 130 117
221 217 218 218 216 216 207 198 195 186 179 172 169 152 147 138
155 161 162 153 147 132 133 132 134 132 133 131 131 138 142 136
170 177 178 172 164 134 136 136 139 137 135 133 131 135 140 136
176 176 179 181 175 151 138 136 139 140 136 133 129 132 137 133
171 160 154 156 160 150 141 141 143 141 141 134 131 125 134 132
185 149 127 133 139 143 142 143 141 145 142 137 131 122 129 131
192 131 130 137 142 142 146 144 142 146 144 135 129 104 121 121
201 132 135 138 142 129 127 141 144 144 143 135 130 121 116 117
208 134 138 146 149  65  65  81 139 144 141 134 130 121 113 110
210 137 141 147 153 147 126  93 108 139 136 132 127 121 112 106
214 144 144 148 151 154 148  38  26  25  21  32 122 120 110 101
221 159 152 151 151 153 155  43  32  23  30  30 124 122 114 100
228 204 193 190 186 180 174 155 142 138 135 135 130 126 115 105
229 219 212 210 212 210 197 176 158 155 144 139 133 125 117 106
237 230 227 230 230 229 217 199 179 162 156 142 134 127 121 107
242 240 238 237 236 237 229 211 197 181 172 157 144 140 135 120
244 239 237 238 237 237 230 220 212 202 188 178 170 154 145 137

109 109 108 107 108 102 102  98  97  94  93  96  94  93 103 120
115 113 112 111 110 106 105 103 103 101 103 104 102 103 116 128
116 116 114 111 111  93 109 110 111 109 110 111 108 109 120 132
115 117 117 120 120 118 118 121 118 109 109 115 116 115 125 147
117 121 122 123 127 126 126 124 122  50  54 122 123 125 140 149
121 124 125 130 130 133 131 132 127  44  57 122 128 138 147 150
122 125 128 129 135 137 133 132 126  50  51 127 138 141 145 151
122 127 129 134 134 135 138 128  91  31  51 129 137 146 150 152
123 127 129 134 137 138 136  77  93  69  65 137 142 148 150 149
123 127 132 135 135 139 124  80 121 139 140 145 149 153 155 154
124 125 137 138 136 135 133  58 137 139 135 147 150 155 158 158
131 140 146 142 132 135 135 137 138 133 133 144 149 152 154 155
128 141 145 136 126 128 129 133 130 131 130 145 145 151 153 151
130 138 139 129 117 117 121 122 123 126 127 142 143 148 152 149
125 133 132 126 123 115 115 116 119 120 126 141 142 148 148 147
112 123 128 124 131 134 134 137 137 138 139 144 144 144 144 147
130 130 125 125 123 114 112 106 102 100  99 101 102 103 117 138
135 133 129 126 123 116 112 109 109 107 110 111 112 115 130 147
134 130 127 121 118 101 117 117 117 116 116 121 120 122 137 152
129 127 125 127 127 125 126 126 124 115 118 125 128 129 142 169
127 130 130 130 133 131 131 130 128   0   0 128 134 137 155 172
129 132 133 138 138 140 139 138 131   0   0 128 139 151 165 179
131 133 136 137 141 142 140 140 132   0   0 132 150 157 171 186
130 135 138 139 139 141 143 135 103   0   0 136 151 169 182 195
132 136 135 140 142 143 140 110  86  10   6 148 165 182 191 198
131 136 137 140 140 144 126  40 119 141 150 165 181 199 206 207
132 134 147 146 142 141 126  42 143 149 148 170 190 208 214 216
145 156 166 155 137 140 141 145 148 145 146 170 193 208 215 216
145 165 170 152 131 136 138 143 142 143 143 176 190 207 215 218
155 165 167 146 126 127 131 135 136 139 144 177 191 206 218 218
151 165 164 151 141 128 129 129 132 136 149 185 196 209 218 217
142 156 163 157 168 175 182 187 189 192 199 207 206 214 218 221
136 136 133 132 131 121 117 110 106 101 100 105 106 107 120 137
142 140 137 134 129 121 116 113 112 110 114 115 117 121 135 145
138 135 132 125 122 104 121 121 121 120 122 126 125 127 140 154
131 131 129 131 131 129 130 130 127 122 124 130 133 134 144 170
131 133 133 134 137 135 135 134 132  32  30 135 139 142 157 178
133 135 136 141 142 144 143 141 136  21  30 135 144 156 172 188
132 137 140 141 145 146 144 144 139  25  23 138 155 162 181 202
134 139 139 143 141 142 144 139 108  26  32 142 158 179 197 212
132 136 136 141 143 144 141  81  93  38  43 155 176 199 211 220
133 136 138 141 142 146 127  65 126 148 155 174 197 217 229 230
132 134 151 150 143 142 129  65 147 154 153 180 210 229 237 237
147 164 175 160 139 142 142 149 153 151 151 186 212 230 236 237
153 172 181 156 133 137 138 146 147 148 151 190 210 230 237 238
162 178 179 154 127 130 135 138 141 144 152 193 212 227 238 237
161 177 176 160 149 131 132 134 137 144 159 204 219 230 240 239
155 170 176 171 185 192 201 208 210 214 221 228 229 237 242 244

120 128 132 147 149 150 151 152 149 154 158 155 151 149 147 147
103 116 120 125 140 147 145 150 150 155 158 154 153 152 148 144
 93 103 109 115 125 138 141 146 148 153 155 152 151 148 148 144
 94 102 108 116 123 128 138 137 142 149 150 149 145 143 142 144
 96 104 111 115 122 122 127 129 137 145 147 144 145 142 141 144
 93 103 110 109  54  57  51  51  65 140 135 133 130 127 126 139
 94 101 109 109  50  44  50  31  69 139 139 133 131 126 120 138
 97 103 111 118 122 127 126  91  93 121 137 138 130 123 119 137
 98 103 110 121 124 132 132 128  77  80  58 137 133 122 116 137
102 105 109 118 126 131 133 138 136 124 133 135 129 121 115 134
102 106  93 118 126 133 137 135 138 139 135 135 128 117 115 134
108 110 111 120 127 130 135 134 137 135 136 132 126 117 123 131
107 111 111 120 123 130 129 134 134 135 138 142 136 129 126 124
108 112 114 117 122 125 128 129 129 132 137 146 145 139 132 128
109 113 116 117 121 124 125 127 127 127 125 140 141 138 133 123
109 115 116 115 117 121 122 122 123 123 124 131 128 130 125 112
138 147 152 169 172 179 186 195 198 207 216 216 218 218 217 221
117 130 137 142 155 165 171 182 191 206 214 215 215 218 218 218
103 115 122 129 137 151 157 169 182 199 208 208 207 206 209 214
102 112 120 128 134 139 150 151 165 181 190 193 190 191 196 206
101 111 121 125 128 128 132 136 148 165 170 170 176 177 185 207
 99 110 116 118   0   0   0   0   6 150 148 146 143 144 149 199
100 107 116 115   0   0   0   0  10 141 149 145 143 139 136 192
102 109 117 124 128 131 132 103  86 119 143 148 142 136 132 189
106 109 117 126 130 138 140 135 110  40  42 145 143 135 129 187
112 112 117 126 131 139 140 143 140 126 126 141 138 131 129 182
114 116 101 125 131 140 142 141 143 144 141 140 136 127 128 175
123 123 118 127 133 138 141 139 142 140 142 137 131 126 141 168
125 126 121 127 130 138 137 139 140 140 146 155 152 146 151 157
125 129 127 125 130 133 136 138 135 137 147 166 170 167 164 163
130 133 130 127 130 132 133 135 136 136 134 156 165 165 165 156
130 135 134 129 127 129 131 130 132 131 132 145 145 155 151 142
137 145 154 170 178 188 202 212 220 230 237 237 238 237 239 244
120 135 140 144 157 172 181 197 211 229 237 236 237 238 240 242
107 121 127 134 142 156 162 179 199 217 229 230 230 227 230 237
106 117 125 133 139 144 155 158 176 197 210 212 210 212 219 229
105 115 126 130 135 135 138 142 155 174 180 186 190 193 204 228
100 114 122 124  30  30  23  32  43 155 153 151 151 152 159 221
101 110 120 122  32  21  25  26  38 148 154 151 148 144 144 214
106 112 121 127 132 136 139 108  93 126 147 153 147 141 137 210
110 113 121 130 134 141 144 139  81  65  65 149 146 138 134 208
117 116 121 130 135 143 144 144 141 127 129 142 138 135 132 201
121 121 104 129 135 144 146 142 144 146 142 142 137 130 131 192
131 129 122 131 137 142 145 141 143 142 143 139 133 127 149 185
132 134 125 131 134 141 141 143 141 141 150 160 156 154 160 171
133 137 132 129 133 136 140 139 136 138 151 175 181 179 176 176
136 140 135 131 133 135 137 139 136 136 134 164 172 178 177 170
136 142 138 131 131 133 132 134 132 133 132 147 153 162 161 155
